0 36159 6472 29097 6869 31048 6121 16168 19867 29699 15948 30748 13756 15011 13803 19426 8694 11661 14474 9206 19995 21408 13430 14832 
36653 0 18297 7388 18933 15971 20244 18988 13906 8044 9663 4769 18306 22006 22599 5152 24029 22360 17330 17359 12427 9055 17980 18623 
7069 17923 0 20727 2121 26046 3001 12815 16514 23227 9476 19952 10403 9990 8782 12954 6970 8308 11121 6204 11636 11501 10077 11479 
25757 7979 22070 0 21128 8757 19591 15786 8963 9732 12378 4653 16696 18804 19398 9412 21408 19159 15711 16706 12683 10175 16423 17226 
7420 18928 2733 19540 0 26457 1763 11577 15276 24231 10480 20957 9164 8752 7544 13959 5732 7070 9883 4966 9469 11850 8839 10241 
30577 14630 26890 8972 25792 0 24255 17462 11867 15184 17770 12895 18372 20480 21074 15282 23084 20835 17387 21526 17503 14995 18100 18902 
6685 18774 3473 17805 1838 25016 0 10136 13835 24078 10327 19456 7723 7311 6102 13805 4291 5629 8442 3231 7734 10116 7398 8800 
14598 18127 11564 16257 9992 17216 8455 0 6035 23431 9680 17908 2572 3556 4149 13158 7283 3910 1634 5675 7155 8568 2299 3472 
20269 12301 17983 8761 15663 12262 14126 7333 0 17113 11122 11304 8243 10351 10944 7869 12954 10705 7257 12619 8597 5037 7970 8772 
29165 8028 23001 8195 23638 15326 25600 23349 17906 0 14367 6179 23662 26368 26961 11401 28390 26722 21692 22715 17131 13759 23337 23979 
15778 8447 9614 9669 10250 16753 11561 10453 8218 13751 0 10476 9623 13471 14064 3478 15494 13825 8795 8676 3744 3129 9298 9941 
26794 4682 19655 3846 20291 12882 20628 18377 12179 6142 11021 0 18690 21395 21988 8055 23418 21749 16719 17742 13785 10413 18364 19007 
14555 18681 11521 16811 9949 18762 8412 3882 7581 23985 10234 18462 0 6900 7493 13712 7240 4160 2188 4520 7709 9121 1144 2317 
12508 22735 9475 20865 7902 21824 6365 4608 10643 28039 14288 22516 7180 0 1345 17766 5194 2510 6243 8785 11763 13176 6907 8080 
12964 21390 9930 19520 8358 20479 6821 3262 9298 26693 12942 21171 5834 1208 0 16420 5650 1542 4897 7214 10417 11830 5561 6734 
19261 4919 13097 8721 13733 15139 15044 13788 7500 11334 4462 8060 13106 16806 17399 0 18829 17160 12130 12159 7227 3854 12780 13423 
10637 22273 7578 20403 6006 22354 4469 7474 11173 27577 13826 22054 5062 4649 3441 17304 0 2967 5780 7337 11301 12714 4736 6138 
11553 21771 8519 19901 6947 20860 5410 3643 9679 27075 13324 21552 4247 2381 2029 16802 4239 0 5278 6523 10799 12211 3921 5323 
15520 16492 12487 14622 10914 16531 9378 3165 5350 21796 8045 16273 3494 6183 6777 11523 8206 6538 0 6598 5520 6933 3222 2005 
9249 16149 6192 15807 4620 21126 3083 7094 10793 21453 7702 17458 3597 10112 8668 11180 6856 8194 5400 0 5736 8118 3271 3914 
15428 12417 10831 10536 10799 15855 9262 8154 5919 17721 3970 12187 7324 11172 11765 7448 13194 11526 6496 6377 0 2846 6999 7641 
17941 8844 11352 9396 11989 14715 11775 9524 4779 14148 2718 10873 9837 12542 13136 3875 14565 12897 7866 8890 3770 0 9511 10154 
13454 18621 10420 16751 8848 18702 7311 3822 7521 23925 10174 18402 325 6840 7434 13652 6140 3634 2128 3419 7649 9062 0 1226 
14685 17376 11652 15507 10079 18086 8543 3668 6905 22680 8929 17157 1524 6686 7280 12407 7371 4866 1974 4053 6404 7817 1418 0 
