18000 600
54950 12.941604 80.236210 12.908025 80.140849 1483760160 100
77889 13.0101120 80.1492317 12.841261 80.070256 39 1483760776 1483761541 
88282 12.9830269 80.2594001 13.038190 80.156546 13 1483763191 1483765560 
2007 13.116018 80.231665 12.9531946 80.1416008 6 1483759909 1483760333 
39207 13.0290024 80.2584669 13.124437 80.193435 9 1483761755 1483762620 
39203 13.0159505 80.2050680 13.089136 80.209562 11 1483760691 1483762620 
7573 12.9780731 80.1368435 13.036791 80.267630 11 1483766144 1483767180 
7572 12.9821793 80.1295073 12.991303 80.216620 11 1483765930 1483767180 
7547 13.071973 80.264241 13.0620427 80.2017892 9 1483761768 1483767180 
60949 13.0691658 80.1913883 13.0159505 80.2050680 11 1483761182 1483764780 
97787 13.0102357 80.2156510 13.022360 80.219498 35 1483760070 1483762783 
80382 12.9797709 80.2528846 12.999464 80.117733 7 1483763974 1483767240 
80373 12.922915 80.127456 12.990808 80.233903 13 1483761030 1483767240 
415 12.9386491 80.19470215 12.93162228 80.16002655 7 1483760160 1483778160 
