4140 600
55922 12.7870019 80.2504447 13.0874727 80.2838621 1483662838 100
71487 13.0247308 80.2774294 13.073865 80.256967 11 1483666279 1483666978 
71482 12.9682126 80.2599427 12.975971 80.221209 28 1483664936 1483666978 
71481 12.9616512 80.2596399 13.0445189 80.2790355 13 1483664813 1483666978 
71480 12.9491687 80.2545891 13.071503 80.254521 17 1483664724 1483666978 
71479 12.976663 80.243701 12.9977562 80.2567054 11 1483664675 1483666978 
71478 12.9371370 80.2565256 13.001210 80.247992 17 1483664654 1483666978 
71476 12.9148485 80.2502879 12.971268 80.249795 13 1483664428 1483666978 
71473 12.8663004 80.2446779 12.980949 80.246061 13 1483663591 1483666978 
