6060 600
57562 13.049953 80.282403 13.127218 80.290029 1483756215 100
77889 13.0101120 80.1492317 12.841261 80.070256 39 1483760776 1483761541 
62705 13.0161218 80.1759153 12.908025 80.140849 17 1483756862 1483759576 
2007 13.116018 80.231665 12.9531946 80.1416008 6 1483759909 1483760333 
2005 12.9470040 80.1841010 13.083607 80.239206 9 1483758770 1483760333 
2002 12.9498453 80.1972702 13.114824 80.287183 9 1483758390 1483760333 
2001 12.9492308 80.2096367 12.983027 80.259400 6 1483758179 1483760333 
39207 13.0290024 80.2584669 13.124437 80.193435 9 1483761755 1483762620 
39203 13.0159505 80.2050680 13.089136 80.209562 11 1483760691 1483762620 
39189 12.9824422 80.2448542 12.955083 80.258206 7 1483757975 1483762620 
39187 12.954011 80.254876 13.0415534 80.2045922 11 1483757908 1483762620 
39184 12.9639800 80.2436150 13.106745 80.096951 17 1483757570 1483762620 
39175 12.9416037 80.2362096 12.956505 80.249752 11 1483757089 1483762620 
48832 12.989940 80.250782 12.971952 80.220363 7 1483758979 1483759820 
97787 13.0102357 80.2156510 13.022360 80.219498 35 1483760070 1483762783 
97786 12.9813882 80.2432273 12.989627 80.241812 40 1483758421 1483762783 
