4512 300
55922 12.78700161 80.25044250 13.08747292 80.28385925 1483662838 100.00000000
71487 13.02473068 80.27742767 13.07386494 80.25696564 11.00000000 1483666129 1483666429
71482 12.96821213 80.25994110 12.97597122 80.22120667 28.00000000 1483664786 1483665086
71481 12.96165085 80.25964355 13.04451847 80.27903748 13.00000000 1483664663 1483664963
71480 12.94916916 80.25459290 13.07150269 80.25452423 17.00000000 1483664574 1483664874
71479 12.97666264 80.24369812 12.99775600 80.25670624 11.00000000 1483664525 1483664825
71478 12.93713665 80.25652313 13.00121021 80.24799347 17.00000000 1483664504 1483664804
71476 12.91484833 80.25028992 12.97126770 80.24979401 13.00000000 1483664278 1483664578
71473 12.86630058 80.24467468 12.98094940 80.24606323 13.00000000 1483663441 1483663741
