[0, 36159.9, 6472.3, 29097.7, 6869, 31048.6, 6121.6, 16168.6, 19867.6, 29699.5, 15948.5, 30748.7, 13756.1, 15011.3, 13803.1, 19426.5, 8694.2, 11661.6, 14474.8, 9206.9, 19995.5, 21408.3, 13430.4, 14832.5]
[36653.5, 0, 18297.1, 7388.1, 18933.4, 15971.9, 20244.6, 18988.3, 13906.8, 8044.4, 9663, 4769.9, 18306.6, 22006.4, 22599.9, 5152.2, 24029.3, 22360.9, 17330.5, 17359.4, 12427.3, 9055, 17980.9, 18623.8]
[7069.4, 17923.3, 0, 20727.5, 2121.9, 26046, 3001.9, 12815.6, 16514.6, 23227.1, 9476.1, 19952.7, 10403.2, 9990.5, 8782.3, 12954.2, 6970.8, 8308.6, 11121.9, 6204.5, 11636.4, 11501.4, 10077.5, 11479.5]
[25757.8, 7979.5, 22070.3, 0, 21128.4, 8757.7, 19591.5, 15786.4, 8963.5, 9732.4, 12378.1, 4653, 16696.5, 18804.6, 19398, 9412.5, 21408.3, 19159, 15711.1, 16706.3, 12683.9, 10175.7, 16423.9, 17226.3]
[7420.4, 18928.1, 2733, 19540.4, 0, 26457.5, 1763.7, 11577.4, 15276.4, 24231.9, 10480.9, 20957.5, 9164.9, 8752.3, 7544.1, 13959, 5732.6, 7070.4, 9883.7, 4966.2, 9469.5, 11850.9, 8839.2, 10241.3]
[30577.7, 14630.4, 26890.2, 8972.6, 25792.8, 0, 24255.9, 17462.5, 11867.9, 15184.5, 17770.4, 12895.5, 18372.6, 20480.7, 21074.1, 15282, 23084.4, 20835.1, 17387.2, 21526.2, 17503.8, 14995.6, 18100, 18902.3]
[6685.9, 18774.3, 3473.9, 17805.5, 1838.2, 25016.3, 0, 10136.2, 13835.2, 24078.1, 10327.1, 19456.4, 7723.8, 7311.1, 6102.9, 13805.2, 4291.4, 5629.2, 8442.5, 3231.3, 7734.5, 10116, 7398.1, 8800.1]
[14598.2, 18127.7, 11564.5, 16257.8, 9992.2, 17216.9, 8455.4, 0, 6035.8, 23431.5, 9680.5, 17908.7, 2572.1, 3556.1, 4149.5, 13158.6, 7283.9, 3910.5, 1634.9, 5675.4, 7155.6, 8568.3, 2299.5, 3472.5]
[20269.1, 12301.1, 17983.7, 8761.2, 15663.2, 12262.3, 14126.3, 7333, 0, 17113.4, 11122.2, 11304.3, 8243, 10351.1, 10944.5, 7869.7, 12954.8, 10705.5, 7257.6, 12619.7, 8597.3, 5037.5, 7970.4, 8772.8]
[29165.8, 8028.6, 23001.6, 8195.5, 23638, 15326.1, 25600.8, 23349.8, 17906.4, 0, 14367.5, 6179.1, 23662.8, 26368, 26961.4, 11401.9, 28390.8, 26722.4, 21692, 22715.5, 17131.8, 13759.5, 23337.1, 23979.9]
[15778.5, 8447.2, 9614.3, 9669.3, 10250.7, 16753.3, 11561.9, 10453.2, 8218.3, 13751, 0, 10476.5, 9623.9, 13471.3, 14064.7, 3478, 15494.2, 13825.8, 8795.4, 8676.6, 3744.6, 3129.8, 9298.2, 9941]
[26794.2, 4682.3, 19655.3, 3846.5, 20291.7, 12882.2, 20628, 18377, 12179.7, 6142.5, 11021.2, 0, 18690, 21395.2, 21988.6, 8055.5, 23418, 21749.6, 16719.2, 17742.7, 13785.5, 10413.2, 18364.3, 19007.1]
[14555.1, 18681.3, 11521.4, 16811.4, 9949.1, 18762.3, 8412.3, 3882.2, 7581.3, 23985.1, 10234.1, 18462.3, 0, 6900.4, 7493.8, 13712.2, 7240.8, 4160.4, 2188.5, 4520.1, 7709.2, 9121.9, 1144.2, 2317.2]
[12508.7, 22735.8, 9475, 20865.9, 7902.7, 21824.9, 6365.9, 4608, 10643.8, 28039.5, 14288.6, 22516.8, 7180.1, 0, 1345.7, 17766.6, 5194.4, 2510.5, 6243, 8785.4, 11763.6, 13176.4, 6907.5, 8080.5]
[12964.6, 21390, 9930.9, 19520.1, 8358.6, 20479.1, 6821.8, 3262.3, 9298.1, 26693.8, 12942.8, 21171, 5834.3, 1208.2, 0, 16420.9, 5650.3, 1542.1, 4897.2, 7214.2, 10417.9, 11830.6, 5561.8, 6734.8]
[19261.2, 4919.6, 13097, 8721.5, 13733.4, 15139.8, 15044.5, 13788.2, 7500.8, 11334.9, 4462.9, 8060.4, 13106.5, 16806.4, 17399.8, 0, 18829.2, 17160.8, 12130.4, 12159.3, 7227.2, 3854.9, 12780.9, 13423.7]
[10637.9, 22273.5, 7578.9, 20403.6, 6006.6, 22354.5, 4469.8, 7474.4, 11173.4, 27577.3, 13826.3, 22054.5, 5062, 4649.3, 3441.1, 17304.3, 0, 2967.4, 5780.7, 7337.5, 11301.4, 12714.1, 4736.3, 6138.3]
[11553.6, 21771.2, 8519.9, 19901.3, 6947.6, 20860.3, 5410.8, 3643.5, 9679.3, 27075, 13324, 21552.2, 4247.5, 2381.6, 2029.1, 16802, 4239.3, 0, 5278.4, 6523, 10799.1, 12211.8, 3921.8, 5323.8]
[15520.9, 16492.8, 12487.2, 14622.9, 10914.9, 16531.1, 9378.1, 3165.6, 5350.1, 21796.6, 8045.6, 16273.8, 3494.7, 6183.8, 6777.2, 11523.6, 8206.6, 6538.2, 0, 6598.1, 5520.7, 6933.4, 3222.2, 2005.1]
[9249.6, 16149.6, 6192.4, 15807.9, 4620.1, 21126.4, 3083.3, 7094.5, 10793.6, 21453.4, 7702.4, 17458.8, 3597.6, 10112.7, 8668.4, 11180.4, 6856.9, 8194.7, 5400.8, 0, 5736.9, 8118.4, 3271.9, 3914.7]
[15428.9, 12417.5, 10831.8, 10536.4, 10799.5, 15855, 9262.7, 8154, 5919.1, 17721.2, 3970.2, 12187.3, 7324.7, 11172.1, 11765.5, 7448.3, 13194.9, 11526.5, 6496.2, 6377.4, 0, 2846.9, 6999, 7641.8]
[17941.7, 8844.3, 11352.7, 9396.8, 11989.1, 14715.4, 11775.5, 9524.5, 4779.5, 14148.1, 2718.6, 10873.7, 9837.5, 12542.7, 13136.1, 3875.2, 14565.5, 12897.1, 7866.7, 8890.2, 3770.6, 0, 9511.8, 10154.7]
[13454.5, 18621.7, 10420.8, 16751.8, 8848.6, 18702.7, 7311.7, 3822.6, 7521.7, 23925.5, 10174.5, 18402.7, 325.7, 6840.8, 7434.2, 13652.6, 6140.2, 3634.8, 2128.9, 3419.5, 7649.6, 9062.3, 0, 1226.2]
[14685.9, 17376.9, 11652.1, 15507, 10079.9, 18086.3, 8543.1, 3668.4, 6905.3, 22680.7, 8929.7, 17157.9, 1524, 6686.6, 7280, 12407.7, 7371.5, 4866.1, 1974.7, 4053, 6404.8, 7817.5, 1418.7, 0]


[0, 9964.5]
[9719, 0]


[0, 22956.2, 15211.1, 16490.4, 2583.5, 10683.5, 10044.2, 14442.8, 14735, 12226.8, 14797, 22955]
[23110.6, 0, 22449, 7165.5, 22577, 13419.2, 14256.2, 13747.2, 15740.4, 16509.5, 21454.1, 1.2]
[14543.8, 21188, 0, 15315.3, 13465.4, 17290.8, 18127.7, 9680.5, 7155.6, 8568.3, 1247.9, 21186.8]
[16376.4, 6913.1, 16257.9, 0, 15842.8, 6685, 7522, 7556, 9549.2, 9775.3, 15262.9, 6911.9]
[2255.7, 22054.2, 12184.6, 15588.4, 0, 9781.4, 9142.2, 12533.8, 12267.3, 9759, 11770.5, 22053]
[10772.1, 13156, 17915, 6690.1, 10238.5, 0, 2095.5, 8589.6, 11354, 7981.7, 16920, 13154.7]
[10267.3, 14791.3, 18988.3, 8325.5, 9733.7, 2141.2, 0, 9663, 12427.3, 9055, 17993.3, 14790.1]
[13081.1, 15863.7, 10453.2, 9397.9, 11228.9, 7610.2, 8447.2, 0, 3744.6, 3129.8, 9458.2, 15862.5]
[12182.8, 15477.7, 8154, 9605, 10330.6, 11580.5, 12417.5, 3970.2, 0, 2846.9, 7159, 15476.5]
[11043.2, 16260.8, 9524.5, 9795, 9191, 8007.4, 8844.3, 2718.6, 3770.6, 0, 8529.6, 16259.6]
[15068.7, 20721, 2861.6, 14848.3, 13990.2, 16823.7, 17660.7, 9213.5, 6688.6, 8101.3, 0, 20719.7]
[23109.3, 1.2, 22447.8, 7164.3, 22575.8, 13418, 14255, 13746, 15739.2, 16508.2, 21452.9, 0]


[0, 37046.5, 30048.7, 37567, 21899, 28376, 21114.8, 31991.5, 19327.8, 35579.2, 23951.1, 25224, 18683.3, 26032.1, 15465.2, 23377.6, 10368.2, 25078.4]
[37072.7, 0, 8398.3, 4197.2, 15877.9, 18246.2, 16835.4, 6347.7, 17846.3, 4569.9, 15908.1, 12076.5, 19544.3, 15762.4, 21743.1, 16991.4, 27416.1, 14857]
[29646.3, 7551.9, 0, 8072.3, 8451.5, 12001.4, 9409, 2496.9, 10419.9, 7727.8, 8481.7, 4650.1, 12117.9, 8335.9, 14316.7, 9565, 19989.7, 7430.5]
[35711, 3810.9, 8200.8, 0, 14516.2, 15355, 15473.7, 5486.4, 16484.7, 372.8, 14546.5, 10714.8, 18182.6, 14400.7, 20381.4, 15629.7, 26054.4, 13495.3]
[21816.8, 15788.9, 8791, 16309.3, 0, 7118.3, 1579.5, 10733.8, 2590.5, 14321.6, 4871.9, 3966.3, 4288.4, 4774.4, 6487.2, 3092.4, 12160.2, 3820.8]
[27551, 16572.4, 11016.8, 14371.7, 7742.3, 0, 8699.7, 12959.6, 9710.7, 13998.9, 3355.9, 6192.1, 11408.6, 6008.3, 13607.4, 4961.7, 17894.4, 3345.7]
[21030.5, 16743.5, 9745.6, 17263.9, 1595.9, 8072.9, 0, 11688.4, 1804.2, 15276.2, 3626.6, 4920.9, 3502.1, 5729, 5700.9, 3053.2, 11373.9, 4775.4]
[32038.5, 5223.8, 2946.3, 5744.2, 10843.7, 14393.6, 11801.2, 0, 12812.1, 6117, 10873.9, 7042.3, 14510.1, 10728.2, 16708.9, 11957.2, 22381.9, 9822.8]
[19264.8, 17739.2, 10741.3, 18259.6, 2591.7, 9068.7, 1807.5, 12684.2, 0, 16271.9, 4623.2, 5916.6, 1736.4, 6724.7, 3935.2, 4049.8, 9608.2, 5771.1]
[35053.4, 4183.7, 7543.2, 372.8, 13858.6, 14982.2, 14816.1, 5859.1, 15827, 0, 13888.8, 10057.2, 17525, 13743, 19723.8, 14972.1, 25396.8, 12837.6]
[24609.1, 15953.4, 8955.5, 17120.3, 5681, 3497.5, 6638.5, 10898.4, 4609.7, 16747.5, 0, 4130.8, 6346, 3947.1, 8544.8, 2019.8, 14952.5, 1284.5]
[25149.9, 11997.1, 4999.2, 12517.5, 3955.1, 6231.7, 4912.6, 6942.1, 5923.5, 10529.8, 3985.3, 0, 7621.5, 3617.7, 9820.2, 5068.5, 15493.3, 2934.1]
[18384.3, 19853.7, 12855.9, 20374.2, 4706.2, 11183.2, 3922, 14798.7, 2135, 18386.4, 6758.3, 8031.2, 0, 8839.3, 3054.7, 6184.8, 8727.7, 7885.6]
[27216, 12634.8, 5636.9, 13173.2, 6021.2, 7846.5, 6978.7, 7579.8, 7989.7, 12800.4, 5470.6, 2956.5, 9687.6, 0, 11886.4, 6553.8, 17559.4, 4419.4]
[16516.8, 21581.4, 14583.5, 22101.8, 6433.8, 12910.8, 5649.6, 16526.3, 3862.7, 20114.1, 8485.9, 9758.8, 3218.1, 10566.9, 0, 7912.4, 6860.2, 9613.3]
[26364.8, 15442.4, 8444.5, 16609.2, 5170, 5018.2, 6127.5, 10387.4, 7138.4, 16236.5, 1177.9, 3619.8, 8836.4, 3436.1, 11035.2, 0, 16708.2, 1720.6]
[10126.6, 28079, 21081.1, 28599.4, 12931.5, 19408.5, 12147.3, 23024, 10360.3, 26611.7, 14983.5, 16256.4, 9715.8, 17064.6, 6497.6, 14410.1, 0, 16110.9]
[25246.3, 15700.3, 8702.5, 16867.2, 5428, 3297.6, 6385.4, 10645.3, 7396.4, 16494.5, 1051.2, 3877.8, 9094.3, 3694, 11293.1, 2657, 15589.7, 0]


[0, 29208.5, 18637.9, 30918.8, 21613.5, 30540.3, 28506.4, 29761.6, 23444.4, 26411.8, 29225.1, 21723.1, 23773.8, 23638.7, 28180.7, 29582.7]
[25694.3, 0, 7586, 1071, 9549.9, 17778.1, 1702.7, 4627.1, 6414.5, 3409.7, 1504.3, 4806, 7025, 8437.7, 1430.1, 2603.1]
[18626.2, 8425.8, 0, 10136.2, 10327.1, 19456.4, 7723.8, 7311.1, 4291.4, 5629.2, 8442.5, 3231.3, 7734.5, 10116, 7398.1, 8800.1]
[26563.8, 1894, 8455.4, 0, 9680.5, 17908.7, 2572.1, 3556.1, 7283.9, 3910.5, 1634.9, 5675.4, 7155.6, 8568.3, 2299.5, 3472.5]
[21801.5, 9079.7, 11561.9, 10453.2, 0, 10476.5, 9623.9, 13471.3, 15494.2, 13825.8, 8795.4, 8676.6, 3744.6, 3129.8, 9298.2, 9941]
[30391.1, 17003.5, 20628, 18377, 11021.2, 0, 18690, 21395.2, 23418, 21749.6, 16719.2, 17742.7, 13785.5, 10413.2, 18364.3, 19007.1]
[26520.7, 2171.9, 8412.3, 3882.2, 10234.1, 18462.3, 0, 6900.4, 7240.8, 4160.4, 2188.5, 4520.1, 7709.2, 9121.9, 1144.2, 2317.2]
[24474.3, 6502, 6365.9, 4608, 14288.6, 22516.8, 7180.1, 0, 5194.4, 2510.5, 6243, 8785.4, 11763.6, 13176.4, 6907.5, 8080.5]
[22578.1, 5764.1, 4469.8, 7474.4, 13826.3, 22054.5, 5062, 4649.3, 0, 2967.4, 5780.7, 7337.5, 11301.4, 12714.1, 4736.3, 6138.3]
[23519.1, 5537.5, 5410.8, 3643.5, 13324, 21552.2, 4247.5, 2381.6, 4239.3, 0, 5278.4, 6523, 10799.1, 12211.8, 3921.8, 5323.8]
[27486.4, 1792.1, 9378.1, 3165.6, 8045.6, 16273.8, 3494.7, 6183.8, 8206.6, 6538.2, 0, 6598.1, 5520.7, 6933.4, 3222.2, 2005.1]
[21189.8, 5384.2, 3083.3, 7094.5, 7702.4, 17458.8, 3597.6, 10112.7, 6856.9, 8194.7, 5400.8, 0, 5736.9, 8118.4, 3271.9, 3914.7]
[23018.9, 6780.5, 9262.7, 8154, 3970.2, 12187.3, 7324.7, 11172.1, 13194.9, 11526.5, 6496.2, 6377.4, 0, 2846.9, 6999, 7641.8]
[23539.9, 8151, 11775.5, 9524.5, 2718.6, 10873.7, 9837.5, 12542.7, 14565.5, 12897.1, 7866.7, 8890.2, 3770.6, 0, 9511.8, 10154.7]
[25420.1, 2112.3, 7311.7, 3822.6, 10174.5, 18402.7, 325.7, 6840.8, 6140.2, 3634.8, 2128.9, 3419.5, 7649.6, 9062.3, 0, 1226.2]
[26651.4, 1980.4, 8543.1, 3668.4, 8929.7, 17157.9, 1524, 6686.6, 7371.5, 4866.1, 1974.7, 4053, 6404.8, 7817.5, 1418.7, 0]


[0, 16349.5, 7126, 14282.7]
[17039.3, 0, 11285.2, 4762.6]
[6936.2, 11709.3, 0, 5881.5]
[14039.5, 4765.2, 5996, 0]


